1591.2328238791852 	 16.13520096223938 	 73472.41346483862
1591.0620657193415 	 15.975639857086124 	 70937.8243146543
1591.2766101947566 	 15.764453799092824 	 64252.7241716512
1591.1150569847248 	 16.168378054901225 	 69915.67622496125
1591.2808748978016 	 16.013226404084136 	 64231.57945634034
1591.2114586000685 	 16.092913282150533 	 65338.506183543424
1591.3171795816022 	 15.77689769898539 	 65296.785658709676
1591.0946351453126 	 16.254830392374192 	 74201.3460129457
1591.2033288888863 	 16.139978161093687 	 72938.04474667605
1591.3367091625419 	 16.501426142227263 	 69986.34413439315
1591.5465107401203 	 16.084993066079736 	 69157.17429394787
1591.5391381252498 	 15.796075512215072 	 77654.48610567085
1591.3276518620614 	 16.29592432739088 	 84176.2825208114
1591.537084894142 	 15.862881676389147 	 79284.47247511151
1591.514369199082 	 15.862148540654603 	 83551.36875668755
1591.224917079362 	 15.992349703584429 	 71138.17849577565
1591.4234812210973 	 16.363361954744626 	 65651.47395785667
1591.2447317030606 	 15.990049346635743 	 68705.77438139648
1591.4685567930314 	 16.771789158811156 	 62013.64672655624
1591.4816370523354 	 16.398638044677035 	 62917.29358312217
1591.1449428190742 	 16.626517624925842 	 67773.80981657527
1591.3081607866004 	 15.919872264686267 	 55913.36582555656
1591.2915358040532 	 16.20016590509162 	 61784.42373108014
1591.4526648063797 	 16.048492943375457 	 55145.262699583196
1591.198886287134 	 16.20585454787982 	 62398.59791291711
1591.298907670838 	 15.811086025264261 	 69969.96335247709
1591.4903707606284 	 15.866505013219982 	 70513.2525325034
1591.6142039545064 	 15.946843419670524 	 80309.7290054502
1591.6055964234931 	 15.925115861735089 	 73727.4564879696
1591.6639692273611 	 15.6557411927765 	 72444.3443525226
1591.214857508781 	 16.01478280329717 	 63609.15520482357
1591.2692944381529 	 15.904391762333255 	 60970.257607125706
1591.2489695442246 	 16.273914680799006 	 67149.98716875304
1591.240692346101 	 15.93352685737005 	 58151.21918879281
1591.17645990307 	 16.037472463944265 	 58141.74356906385
1591.17999838555 	 16.356390539954106 	 62098.42402438448
1591.3269574439717 	 16.447690083375452 	 56282.997721191416
1591.151053308775 	 15.855857888525058 	 55605.54370935376
1591.0552160468676 	 15.992116639807987 	 62403.246897959085
1591.1171131688723 	 15.809906089518682 	 56899.835035107564
1591.4720103874736 	 16.119416894714483 	 70409.01757576266
1591.5093727088442 	 15.938429535754375 	 69934.56963700356
1591.5015066093026 	 15.933558496061544 	 77633.08388079553
1591.702176545368 	 15.687780596139623 	 70337.94255184602
1591.750599327376 	 15.636839515868916 	 76785.32869527268
1591.1698060335498 	 15.946878887640247 	 63384.49893539706
1591.26924780658 	 15.952651098338395 	 57295.75252831249
1591.5128476000227 	 16.230644854110263 	 52835.56283240348
1591.5279954249556 	 16.33577012699532 	 60922.93023418046
1591.376263162524 	 16.33663273583127 	 58543.345488067054
1591.1856928290852 	 16.145463177453763 	 59024.30382711166
1591.0857281325166 	 16.429091812052715 	 60348.76891917609
1591.287882599209 	 15.968204801492886 	 50895.846468650685
1591.2709992029415 	 16.193164796885803 	 57510.2588283905
1591.347453175563 	 16.223780448522415 	 58966.907370209396
1591.573046536006 	 16.267661641627907 	 62411.81879082843
1591.4177493879206 	 16.21167565475624 	 66161.51552293495
1591.4858971482104 	 15.798461636290218 	 72287.67191096842
1591.379972705076 	 15.826398429382406 	 83485.8425879783
1591.55850399728 	 15.922866180090189 	 83035.40360782357
1591.29730455241 	 16.32818712604884 	 67053.3261588345
1591.1830167516543 	 16.223459142068855 	 61916.07734668609
1591.3282908218218 	 16.068423568377934 	 53970.248241962596
1591.3225055872474 	 16.48525103904619 	 55368.97647929921
1591.3780954059994 	 16.45977807431326 	 53631.97018012786
1591.3348477507204 	 16.54022699123322 	 56336.32499605342
1591.2218506689865 	 16.511193001618828 	 58143.66042575073
1591.310302313394 	 16.257122231425416 	 57183.62605701294
1591.2997685961702 	 16.020295451646685 	 56734.769623913235
1591.0254249074121 	 16.61562481078142 	 71774.31543207011
1591.2258943054298 	 16.766563743368202 	 72645.66682141548
1591.4529633017276 	 16.084859533217365 	 67557.07172648191
1591.4621401991244 	 16.109950613982704 	 73632.66540284042
1591.6922542432976 	 15.972044066297922 	 75182.7615414834
1591.5506553321043 	 15.80963145962773 	 75269.31912065737
1591.0228248054616 	 16.23031092296579 	 68265.69603806178
1591.0281213309606 	 16.274510231710515 	 62120.400230552026
1591.1038936635525 	 16.149466636909967 	 61991.72171388005
1591.0755934237116 	 16.02979548731034 	 57557.66134151765
1590.859502819247 	 16.472914148194107 	 67152.04545906677
1591.1065382806064 	 16.368993326484254 	 59716.34501001361
1591.2970553060916 	 16.066719463663574 	 57017.63503593383
1591.2898456370917 	 15.669958613397974 	 55139.380433743434
1591.3937384342305 	 16.505977527476716 	 53513.73213436226
1591.2676140259723 	 16.35306801813858 	 58738.64410422358
1591.0832516730952 	 16.54070474262615 	 71506.0200435235
1591.4006709358923 	 16.17349334101744 	 68527.82746601396
1591.407644393431 	 15.645926964861573 	 73903.79631654314
1591.649663944901 	 16.172711863480313 	 73101.29961963723
1591.5384696539945 	 15.478328688676608 	 79103.71170520976
1591.398228637873 	 15.77916906254889 	 64230.41911984715
1591.171351797442 	 16.031136678772356 	 63488.55994297486
1591.3276749887393 	 16.301814259753904 	 59204.723414610155
1591.0958794904113 	 17.21132049795429 	 75308.24085932299
1591.1501550348553 	 16.094927300552893 	 66973.83827907528
1590.9307930175717 	 16.444524474883508 	 65975.6763616407
1591.0595762808157 	 16.798387619586297 	 62772.57275035409
1591.084150422081 	 16.005535818006777 	 57663.47550805363
1591.1360013400872 	 15.933077384609545 	 61321.73335843962
1591.0711285641485 	 16.41371361995324 	 64409.66881759768
1590.9650879201756 	 16.598167244298722 	 78759.7223587769
1591.4322347102432 	 16.345223197764838 	 74499.87695248272
1591.336322593191 	 15.944478575956062 	 77472.96675081414
1591.4145833227 	 15.829397806893327 	 83015.80979322069
1591.661679455434 	 15.631891000146311 	 72420.80504362407
1591.5897474369376 	 15.791060517997881 	 67001.94497705672
1591.3926278314204 	 15.954849238609018 	 60133.288155982955
1591.3502192791145 	 16.10427508392683 	 61609.592298169075
1591.1957343261572 	 15.973113316355404 	 63555.06381942461
1591.006906124112 	 15.950635635516809 	 61929.85766240014
1591.1044663472699 	 16.01905806668995 	 60420.58956967818
1591.1787473727154 	 16.066523910745953 	 61304.46116896592
1591.1901758395597 	 16.174520942341815 	 65272.69752006439
1591.2275323646447 	 15.981526586446147 	 66065.87302825229
1591.183218465394 	 16.374762142985585 	 71915.88263040019
1591.0739884610268 	 16.10424922567152 	 73409.41165234896
1591.1788610186031 	 16.038906675284668 	 77133.48511820346
1591.4400240079744 	 16.100770244469956 	 79369.46249764683
1591.5223846838019 	 15.680207930002714 	 82006.32940941372
1591.6373611145307 	 15.547698603236187 	 80485.11787585057
1591.5853793395659 	 15.536837149858265 	 73293.43484153145
1591.4644069010064 	 15.656638258495999 	 67968.29810235245
1591.4115841857245 	 16.08781611967197 	 71217.33329683972
1591.3983895844872 	 15.832361386267205 	 62877.98523073414
1591.308529458488 	 15.988035657159585 	 61210.108402530845
1591.4919809852202 	 16.251264071342383 	 62502.82218724193
1591.4005098634962 	 16.18652634876805 	 69823.36059964224
1591.2165132912064 	 16.268289928132678 	 78630.6890147376
1591.2412349818119 	 16.248242034229584 	 74868.70112132802
1591.4331039123738 	 16.343947339787547 	 71895.60252901055
1591.263190563011 	 16.463914578095324 	 90425.24356221285
1591.375935193837 	 16.399798039621352 	 86363.0339643203
1591.637672956785 	 16.15148257018779 	 92016.18285213718
1591.7513664423468 	 15.552922971614066 	 86309.94968188753
1591.5385499124914 	 15.77581349652235 	 89238.27473406555
1591.5960702883083 	 15.623495863500468 	 74518.82549537484
1591.3940786945952 	 16.058684300267878 	 86589.09792371577
1591.3479533591524 	 15.793087409046594 	 83663.08336013804
1591.3365012736874 	 15.54858049899241 	 72144.23622565831
1591.5932735741294 	 15.790506012708981 	 64258.207159246
1591.5212956804926 	 16.026258058117982 	 73480.11679045198
1591.2590903318167 	 16.077310587870965 	 79045.30942364827
1591.5226797610342 	 15.944985922236729 	 76613.16833714579
1591.4112371879582 	 16.14140949123634 	 77214.4532209609
1591.4016195261252 	 16.179278814361925 	 87963.94460299528
1591.410710730127 	 16.453072140303956 	 104986.26254127995
1591.7168001695877 	 16.44772864356866 	 84903.32922878803
1591.6098783647105 	 15.905544225962966 	 84388.79155249702
1591.2108687504674 	 16.40394967991622 	 112443.19530705622
1591.714876765055 	 15.63674929204964 	 91750.10708466616
1591.6595574748287 	 15.293875020250121 	 74141.5422928712
1591.4100623812524 	 15.38855909930244 	 78055.09531611613
1591.3352856723998 	 15.68681909275774 	 89227.37886059124
1591.52332147544 	 15.58134400486745 	 78415.31574962073
1591.518568358855 	 15.967217821689228 	 76328.85635722507
1591.5895157006694 	 15.782146320334984 	 79442.70603749448
1591.6516944387643 	 15.803469398673762 	 75978.04206243805
1591.5406365946203 	 15.692546543017121 	 80370.33124288586
1591.5193409061822 	 15.904935003346809 	 88219.0064947042
1591.6563701294012 	 15.646239674823184 	 77598.20362446594
1591.6467958096284 	 15.829966041257398 	 82137.13704400744
1591.511538583528 	 16.247580121354005 	 89580.92158695994
1591.4254772161278 	 16.33401004071754 	 97112.26582244664
1591.6043917660934 	 15.617675974206993 	 89490.58709919461
1591.5729774996896 	 15.644766471437164 	 93657.72805676174
1591.6289875727648 	 15.667380460672312 	 83118.73720378667
1591.521284815508 	 15.487584689049884 	 81614.51412834716
1591.5117889816786 	 15.664584571242811 	 86244.30581236118
1591.4385150937753 	 15.963019877475826 	 87345.997759793
1591.471812780184 	 15.615845660020534 	 79526.26306057423
1591.5424090584352 	 15.668847019561781 	 75584.6575279909
1591.600668876845 	 15.548968190580325 	 83162.55045941536
1591.3277440462537 	 16.383165786216885 	 103624.16344442219
1591.6048232169421 	 15.763150304020076 	 95092.52410125059
1591.6045308226853 	 15.912452293807277 	 92991.67663480701
1591.7679821259517 	 16.000434604164376 	 82041.4657753774
1591.5060557277343 	 15.870335300259445 	 92451.89770371112
1591.694271969699 	 15.512222548132094 	 84885.37587463859
1591.5908453854563 	 16.218920949888112 	 90797.50816077061
1591.5191698260671 	 15.702624027339152 	 88847.66784392814
1591.4514305419457 	 15.757588511905228 	 95256.57406510178
1591.6544440684752 	 16.013540149408787 	 88623.11675740313
1591.5441706167614 	 15.675484986763015 	 78824.2950190902
1591.7006737014603 	 15.927127751808154 	 79920.20860457941
1591.5391694658827 	 15.66636380295671 	 87162.98041906508
1592.1098653241481 	 16.10940359361973 	 85116.74001778442
1592.025181766309 	 15.909445201408623 	 87160.96379994982
1591.4988227479832 	 15.770448273920264 	 91404.40749134931
1591.534972116002 	 15.650368795016115 	 87628.07012674339
1591.600981427109 	 16.120632554696652 	 86532.61875796899
1591.625980743379 	 15.644942497588222 	 84363.83825809947
1591.611875921284 	 15.718011843839635 	 87619.2850303459
1591.6327697057181 	 15.93216473332664 	 96302.7968328578
1591.6099345472016 	 16.106287822728518 	 88759.89174225266
1591.462989509066 	 16.043200786453237 	 94485.0608587026
1591.6376663162314 	 15.917856088984989 	 86113.48795683829
1591.697770470251 	 16.03853262813486 	 86687.15894379313
1591.6129384476244 	 15.80292041997402 	 86751.26959955775
1591.6358482092871 	 15.894059674334935 	 89341.45268888764
1591.2106470754015 	 16.24635227880503 	 108208.54571527471
1591.9081650728958 	 16.26443143331653 	 93850.48853344291
1591.5274182072253 	 15.504324139143957 	 93773.01569707047
1591.4450065270246 	 15.611656559917435 	 87064.1395864222
1591.596986912697 	 15.661294917359307 	 85539.72310759487
1591.5263285293934 	 15.617380222419694 	 84840.43060088175
1591.4980711416138 	 15.533518599171796 	 81802.20365920829
1591.6486792905462 	 15.655579469223747 	 81680.2525978473
1591.4625396080198 	 15.525865277797687 	 91416.22481885353
1591.6141260709849 	 15.633568074552203 	 90281.48091985073
1591.6358115329144 	 15.66208833802421 	 93691.73276022718
1591.6371438228077 	 15.879147833413734 	 90698.8441552595
1591.5839712283878 	 15.794621413288281 	 90196.08288711426
1591.4562607688802 	 15.539775959042505 	 94761.70012360104
1591.4319113640793 	 15.770242121749837 	 95421.34689136404
1591.3633745321001 	 15.683864995200935 	 98532.9233791789
1591.4418334457537 	 15.998640957006115 	 103115.18316004245
1591.5166485393252 	 15.611326587928037 	 87968.23357219316
1591.3627025692558 	 15.686534196716755 	 89028.13643689879
1591.7282130115632 	 15.419451128042022 	 78558.41831277299
1591.5205736412556 	 15.61631644732565 	 80772.28655972371
1591.5513720385188 	 15.422972381850926 	 78289.32411995843
1591.570401108934 	 15.68028508214812 	 80535.47715680592
1591.6984168815125 	 15.416831783213238 	 81812.9286800363
1591.6032641340623 	 15.445827483703983 	 90895.89857001309
1591.4443993598748 	 15.604489140528509 	 98919.06630803016
