1593.9077605759771 	 15.041216580853565 	 78386.19451938664
1593.6520922233426 	 15.183645212329703 	 65676.59252991372
1593.9156936997601 	 14.963321534156366 	 65058.708771353246
1594.006793574038 	 15.71984072494299 	 61518.63530684069
1593.971798668147 	 15.20511159320681 	 57293.30673914038
1593.8331013812221 	 15.023149869952842 	 65277.48911472067
1593.8328928103867 	 14.978317520159774 	 66097.43630263742
1593.8776553500618 	 15.153690639876444 	 72535.64692567337
1593.9413443395952 	 15.203445376019767 	 71213.59672796956
1593.8511068321352 	 14.810173798328258 	 74050.1534967926
1594.3306643970427 	 15.188558482815962 	 68757.27746764469
1594.2684835218704 	 14.684141600243569 	 82836.28024621561
1594.2878074594646 	 14.736869743458815 	 82159.25397232085
1594.3393591807442 	 14.528644149691747 	 82991.45506718037
1594.406570020979 	 14.716888413338692 	 80070.23417874801
1593.9013444193506 	 14.673188940397933 	 73085.5728681553
1593.9189270158015 	 14.991555631213528 	 66675.92825319742
1593.954024907727 	 14.957806806906317 	 69617.26224814782
1594.0828646571845 	 14.740959959637314 	 62934.91881500884
1593.884664590042 	 15.304661739703082 	 70111.91975901947
1593.8984347067471 	 14.82093529833824 	 66631.533172018
1594.0259849847969 	 14.622643198115169 	 64587.49094949461
1593.8943632392081 	 14.575192016083431 	 65191.380028060696
1594.0123925621606 	 14.861827460964754 	 60461.20950198516
1593.9463246850285 	 14.741844230210795 	 64680.260685176276
1594.0944479272323 	 14.984548504484708 	 71229.90136977306
1594.1854291252237 	 14.571225185823245 	 77008.87051657538
1594.2021004337585 	 14.615985572011546 	 85631.94704390915
1594.342608057134 	 14.295666942024251 	 67118.74068558871
1594.340069278153 	 14.263635322695288 	 67375.49737957494
1593.7805761554487 	 14.629889051874656 	 67482.962523227
1593.7764812699697 	 15.1792755501355 	 58102.5689973051
1593.7342319386767 	 15.229255882429273 	 65278.0994450205
1593.7359996554537 	 14.976256628663144 	 60785.865452312515
1593.9262712197274 	 15.245701072305868 	 57020.58833895657
1593.7596715465124 	 15.128513212036793 	 60858.19385142453
1593.790166632345 	 15.127648977024919 	 58926.97394739071
1593.7846491720595 	 15.236077890840784 	 56523.280105558086
1593.7812364594965 	 14.939050572601541 	 64149.805859472246
1593.9062532049568 	 15.097031443217082 	 63710.14818424529
1594.3415356075718 	 15.622685605667382 	 73954.2678052254
1594.1700448490733 	 14.528694085945139 	 74392.45455704599
1594.1968561643428 	 14.358241651007953 	 82176.38363918652
1594.582151261024 	 14.720593186567333 	 81210.29092051923
1594.4715153683749 	 14.75471084645012 	 84404.47479615048
1593.8778948561692 	 14.440465177768218 	 65358.783783739644
1593.800425692998 	 14.549664947593355 	 61026.67192164649
1593.9463558516209 	 14.679963646845783 	 58945.35704754112
1593.789265061794 	 15.22863762002792 	 68547.41634301638
1593.7514434808782 	 15.072620557509461 	 67935.49670511107
1593.8079905139548 	 14.7138563932337 	 63325.91799283405
1593.6905502944007 	 15.20185844146502 	 61197.772453746074
1594.012348108466 	 15.296418603787735 	 52449.16878499684
1593.8769100762977 	 15.210098607000655 	 59988.87383631929
1594.0037683495298 	 15.542891062972075 	 62588.26819451178
1594.057249452913 	 15.611516572376733 	 67870.50330551408
1594.1639113884542 	 14.78820059876214 	 72384.67450263532
1594.2185235364072 	 14.314367839805918 	 82187.54024407675
1594.1312041596127 	 14.314317999463304 	 83188.32259642887
1594.3645310133938 	 14.9497208825238 	 91447.7074250626
1593.9623937103647 	 14.608068871077386 	 73330.37660913375
1593.8586257170784 	 14.666566386110572 	 66295.13526372385
1593.916836839714 	 14.916732292731414 	 57755.676314344426
1593.9053985096539 	 15.252179563771119 	 58715.39188065187
1593.784010853261 	 14.946285730762273 	 62269.00216277609
1593.7603175192467 	 15.318589923192345 	 63939.15770223952
1593.5155726873677 	 14.617555933311852 	 65755.72754926857
1593.827191556545 	 14.97678652625213 	 63585.43626633934
1594.009574254061 	 15.022014869415624 	 58914.3650549117
1593.7847999375804 	 15.354835981728346 	 79252.06647695845
1593.8529655935104 	 15.273020924582852 	 74426.13688313052
1594.0762297824565 	 14.742911869615211 	 72157.01017539846
1594.130173369827 	 14.803183996448835 	 80839.45979584957
1594.2917723548849 	 14.625808343271538 	 82635.96211766284
1594.4330248332149 	 14.89050734563681 	 79154.43935053334
1593.7577182819978 	 15.347864097475819 	 69890.56432049062
1593.5093082047597 	 14.958291811187667 	 62333.73568038437
1593.7363658821214 	 15.101121274534414 	 57682.81260233546
1593.7246025661018 	 15.021599384138026 	 57181.04287527036
1593.6545938778231 	 15.460785087961943 	 64279.17556205893
1593.6404267622736 	 15.32472276056727 	 60527.98298881927
1593.750988231952 	 15.18249172362956 	 55866.42397679522
1593.8532547023367 	 14.671045832114652 	 52480.51277000682
1593.8044726945668 	 14.934693683057638 	 55869.09887829903
1593.9053977199194 	 15.589147235813963 	 60045.64619758129
1593.8459748431917 	 15.494923112285598 	 71903.56967292751
1594.1378187735206 	 14.73285322363159 	 72194.09171791913
1594.142487183832 	 14.845035348918847 	 83364.57009772188
1594.3447817650842 	 14.736911016053245 	 81769.5512167824
1594.3214686947847 	 14.629295092700149 	 80592.10017230146
1593.997953461009 	 14.660610050845476 	 64758.557768830506
1593.9235064387146 	 14.797186166013304 	 66961.41837529576
1594.0264144021442 	 15.03182522484746 	 69659.5755039691
1593.899342521024 	 15.253296014337883 	 77876.98534521829
1593.6416442834382 	 15.207273862660319 	 75138.28208514585
1593.8269235600123 	 14.787879536957837 	 68100.15811068258
1593.9171001551197 	 15.02921927765195 	 65689.32420059541
1593.89301287538 	 15.21838421903823 	 68016.69017014853
1593.7746755528249 	 15.098833776689721 	 71198.29241209665
1593.9398944152867 	 15.579314444796701 	 68187.15002357296
1593.9314945976691 	 15.265786416453095 	 67699.42516502153
1594.1634448746613 	 15.128914903794838 	 79196.83796287896
1594.156098983624 	 14.778339738337593 	 96595.50765250585
1594.2326584562018 	 14.434272705557012 	 87374.67121959788
1594.6711211558184 	 14.869720122510522 	 76837.70059704302
1594.124950080415 	 14.517922694198074 	 76944.28992053616
1594.0716287429047 	 15.061128903464303 	 63268.65748725097
1593.9611897464567 	 14.94563327700203 	 68373.33205075633
1594.0002479300829 	 15.091657063348581 	 64229.71713748159
1593.8851871753818 	 14.971088611351211 	 63826.94279572128
1593.843761007166 	 15.073573425134995 	 69570.90233669111
1593.9432199351675 	 15.100413665724396 	 65150.099764603074
1594.0504912814604 	 15.384991844585608 	 66186.5779298633
1594.0832905887378 	 15.433975001934279 	 66306.65191414577
1594.0483728933057 	 15.234029522685622 	 75723.09537371503
1593.963773451695 	 15.457042292861013 	 78817.8565413755
1594.072691647895 	 15.098569037357532 	 84099.10612159676
1594.194019706577 	 14.851091014401034 	 91592.55979797052
1594.4444037666194 	 14.900982674113335 	 88754.81702658805
1594.9043976167054 	 15.398970238985827 	 90576.23699852516
1594.2202083973184 	 14.500727675362178 	 89644.80046050771
1594.0317977840677 	 14.564273528251805 	 88105.08388715188
1594.127962452546 	 14.824409752834107 	 77582.99299425336
1594.1942380736318 	 14.742618085424928 	 71552.72519858328
1594.142274212064 	 14.68594031358383 	 74001.62469019373
1594.169232468028 	 14.679208602919667 	 70119.77454109384
1594.2869804176999 	 14.983572216319548 	 68834.3763340061
1594.084989632399 	 14.818022519592393 	 77095.32637708537
1594.238667829883 	 14.95093820001858 	 70554.94687553999
1594.2667948526907 	 15.072767050992232 	 76759.71418731158
1593.9808319376302 	 15.962477797135971 	 121226.38947652876
1594.4557783432224 	 15.395121483630694 	 83354.53297789552
1594.325530775204 	 15.001801048341633 	 87463.38004343127
1594.312108857305 	 14.568028563795334 	 92257.87978643981
1594.3354630058727 	 14.59426645979604 	 100899.26986947154
1594.2601879126257 	 14.482265283223773 	 93753.3949363943
1594.3424516922585 	 14.476824605254704 	 89345.91127836579
1594.154479884462 	 15.049215037368999 	 118411.76008051692
1594.029757413701 	 14.443591744717997 	 87116.90358373232
1594.3115079501524 	 14.565691752731524 	 72062.95079892872
1594.0142691544038 	 14.182249785237081 	 89545.22660738969
1594.2599490426821 	 14.823116009514438 	 79420.6736340616
1594.305400113774 	 14.483681007604233 	 88943.89012094775
1594.2511371404214 	 14.641159991159 	 92384.92292654392
1594.2467745979643 	 14.841012152646549 	 102680.46269679625
1594.235227437227 	 14.72169706663729 	 96536.21462465797
1594.2124650463259 	 14.532767720353638 	 95587.86020312426
1594.2822109566662 	 14.421541770430574 	 101239.00265558453
1594.3755962168573 	 14.911112298402461 	 121937.89852257521
1594.4600323202512 	 14.8621676798608 	 104545.9501281404
1594.3781948101546 	 14.226215797899815 	 82805.9692978607
1594.456709702836 	 14.787683191133127 	 87138.8355116344
1594.2176928903605 	 14.627928515324657 	 91572.88035838022
1594.2487985944258 	 14.191403153273436 	 85352.7561922697
1594.1716197272176 	 14.0707054322919 	 84521.6114202086
1594.2979919659133 	 14.576860307082645 	 92912.24576865022
1594.1458440453907 	 14.586945251542877 	 90735.25440374353
1594.1084415855055 	 14.751278921189453 	 112957.8295601071
1594.111597769576 	 14.867116482387084 	 122960.43090240129
1594.1610483114082 	 14.537388578622503 	 97793.61706566889
1594.3230228729335 	 14.700430748016737 	 97501.27891400887
1594.3208513454636 	 14.724205449218104 	 102797.73221863541
1594.1341261822488 	 14.962926401983623 	 133258.88726975318
1594.205023095166 	 14.507296189388683 	 101022.52002245937
1594.5898683970222 	 14.403951250889758 	 73940.40293329715
1594.4624686015427 	 14.335779444469997 	 88085.25538585175
1594.317463463471 	 14.713697026526784 	 90525.81992039483
1594.262726900211 	 14.465737838381127 	 87830.00824964105
1594.2765874881193 	 14.583910614016261 	 97066.07001181223
1594.4214651910875 	 14.808362985795247 	 90117.3805711841
1594.4036843709468 	 14.974488275047404 	 88186.50232240514
1594.5071449670963 	 14.899457363520249 	 105309.10314264141
1594.3102638812486 	 14.593555113514174 	 106923.34876111837
1594.4155590358553 	 14.436812795797161 	 96178.4996995426
1594.1455483950508 	 14.572070205225613 	 110404.80684036149
1594.3548384498383 	 14.716898957021064 	 93410.54638534492
1594.4832663384902 	 14.685687205887403 	 91007.7931844475
1594.6369427979803 	 14.870639345123964 	 91337.41573653257
1594.7891777525374 	 15.045353708693822 	 77619.13177842298
1594.3898546191388 	 14.900454972143502 	 101061.7944721963
1594.3543534072294 	 14.268933128171216 	 93369.75680181164
1594.328733375051 	 14.544734561463745 	 92561.96817819164
1594.5526516237646 	 14.788662213210603 	 88348.95780010463
1594.3602262355469 	 14.730712052241898 	 89149.72544708752
1594.4874808935017 	 14.951274725274025 	 93858.56084173008
1595.6924962582107 	 16.441848940114173 	 90302.14669035326
1594.8529962580917 	 15.164368178181519 	 87648.56216918773
1594.3727438399967 	 14.699183888145319 	 82539.50037820444
1594.5894686366578 	 14.824450390641557 	 83338.3030500371
1594.5922069436722 	 14.845903861944375 	 92047.54199426962
1594.4156606376341 	 14.603966525136899 	 83636.54877968687
1594.5108356788821 	 14.955857647305717 	 92807.81954883871
1594.3837496186513 	 14.771526080715425 	 100424.85473227406
1594.4098958454492 	 14.719975841523611 	 93925.95712439733
1594.641862485969 	 15.323567867124453 	 106286.6138785394
1594.5213303802532 	 14.729633334859436 	 87199.38002773748
1594.4031374272215 	 14.608209151392542 	 91194.34202124937
1594.39825631734 	 14.998445839001237 	 101278.02073249925
1594.5286161947085 	 15.349551106659328 	 127117.41553107371
1594.409069353168 	 14.6790148630181 	 96485.8572133295
1594.6507793926392 	 14.953349967590103 	 92494.92790549935
1594.3818032399188 	 14.62607555463281 	 88364.11551266661
1594.3257770688688 	 14.48381497881074 	 85030.17246750272
1594.6661922220871 	 14.788906667132961 	 83687.55678778933
1594.54509025721 	 14.95764431732377 	 76712.07170111852
1594.4622594515426 	 14.539232539458242 	 82335.14096303852
1594.5279216268734 	 14.705900259750793 	 84289.69031188934
1594.4401756874606 	 14.814278865492446 	 97332.62900577896
1594.796080939268 	 15.169740217463405 	 86209.30555846522
1594.473336346854 	 14.894822879697948 	 98430.90875503946
1594.5914360613929 	 14.627538752186222 	 93290.65813333505
1594.4683839169122 	 14.643423454783122 	 84109.2809901638
1594.4012540802885 	 14.741456229514695 	 93583.95762275571
1594.4860730521893 	 14.66206826631994 	 93830.32375919029
1594.4120556924083 	 14.743073678642961 	 94566.91849957523
1594.3869134337651 	 14.754356524218037 	 108935.22274866576
1594.4886531704167 	 14.921976854753842 	 81670.80036995972
1594.6081989180561 	 14.963375810958231 	 78968.84438032405
1594.6578114130457 	 15.43383627356575 	 71885.1010406486
1594.5449432166706 	 14.917897900925299 	 75296.7961240889
1594.5426831691802 	 14.711874780686273 	 76040.85649198605
1594.7589666796018 	 15.029451292325746 	 73440.96483361837
1594.4752506277025 	 14.672370385965438 	 84117.79269117929
1594.440673729351 	 14.707763532253797 	 93312.50187944662
1594.489407823291 	 15.047044468705721 	 98144.05117975747
